8.580000000000000000e+02
8.579912513998374379e+02
8.579854435056117836e+02
8.579823557643778713e+02
8.579817676231905352e+02
8.579834585291042686e+02
8.579872079291740192e+02
8.579927952704542804e+02
8.580000000000000000e+02
8.580086015648657849e+02
8.580183794121063556e+02
8.580291129887764328e+02
8.580405817419307368e+02
8.580525651186241021e+02
8.580648425659111354e+02
8.580771935308466709e+02
8.580893974604852019e+02
8.581012338018816763e+02
8.581124820020907009e+02
8.581229215081671100e+02
8.581323317671656241e+02
8.581404922261408501e+02
8.581471823321475085e+02
8.581521815322404336e+02
8.581552692734743459e+02
8.581562250029038523e+02
8.581548281675837870e+02
8.581508582145687569e+02
8.581440945909137099e+02
8.581343167436730255e+02
8.581213041199017653e+02
8.581048361666545361e+02
8.580846923309859449e+02
8.580606520599509395e+02
8.580324948006040131e+02
8.580000000000000000e+02
8.579629944558337229e+02
8.579214943683607544e+02
8.578755632884765419e+02
8.578252647670767601e+02
8.577706623550568565e+02
8.577118196033125059e+02
8.576488000627393831e+02
8.575816672842329353e+02
8.575104848186887239e+02
8.574353162170024234e+02
8.573562250300697087e+02
8.572732748087859136e+02
8.571865291040468264e+02
8.570960514667478947e+02
8.570019054477849068e+02
8.569041545980531964e+02
8.568028624684484384e+02
8.566980926098663076e+02
8.565899085732023650e+02
8.564783739093520580e+02
8.563635521692111752e+02
8.562455069036750501e+02
8.561243016636394714e+02
8.560000000000000000e+02
8.558726776756774370e+02
8.557424593016939980e+02
8.556094817010969109e+02
8.554738816969338586e+02
8.553357961122519555e+02
8.551953617700988843e+02
8.550527154935218732e+02
8.549079941055683776e+02
8.547613344292859665e+02
8.546128732877217544e+02
8.544627475039234241e+02
8.543110939009382037e+02
8.541580493018136622e+02
8.540037505295970277e+02
8.538483344073358694e+02
8.536919377580775290e+02
8.535346974048694619e+02
8.533767501707591236e+02
8.532182328787937422e+02
8.530592823520208867e+02
8.529000354134878989e+02
8.527406288862422343e+02
8.525811995933313483e+02
8.524218843578024689e+02
8.522628200027032790e+02
8.521041433510808929e+02
8.519459912259829935e+02
8.517885004504568087e+02
8.516318078475499078e+02
8.514760502403095188e+02
8.513213644517832108e+02
8.511678873050183256e+02
8.510157556230622049e+02
8.508651062289624178e+02
8.507160759457663062e+02
8.505688015965212116e+02
8.504234200042745897e+02
8.502800679920740095e+02
8.501388823829665853e+02
8.500000000000000000e+02
8.498634840092685181e+02
8.497291029490550045e+02
8.495965517006891332e+02
8.494655251455005782e+02
8.493357181648192409e+02
8.492068256399747952e+02
8.490785424522969151e+02
8.489505634831153884e+02
8.488225836137601164e+02
8.486942977255606593e+02
8.485654006998468049e+02
8.484355874179483408e+02
8.483045527611950547e+02
8.481719916109165069e+02
8.480375988484427126e+02
8.479010693551032318e+02
8.477620980122278525e+02
8.476203797011464758e+02
8.474756093031886621e+02
8.473274816996840855e+02
8.471756917719627609e+02
8.470199344013542486e+02
8.468599044691884501e+02
8.466952968567949256e+02
8.465258064455034628e+02
8.463511281166439630e+02
8.461709567515459867e+02
8.459849872315394350e+02
8.457929144379539821e+02
8.455944332521194156e+02
8.453892385553654094e+02
8.451770252290217513e+02
8.449574881544181153e+02
8.447303222128845164e+02
8.444952222857504012e+02
8.442518832543456710e+02
8.440000000000000000e+02
8.437393610719616390e+02
8.434701296911521240e+02
8.431925627464115678e+02
8.429069171265801970e+02
8.426134497204980107e+02
8.423124174170050082e+02
8.420040771049413024e+02
8.416886856731470061e+02
8.413665000104621186e+02
8.410377770057268663e+02
8.407027735477812485e+02
8.403617465254652643e+02
8.400149528276190267e+02
8.396626493430827622e+02
8.393050929606963564e+02
8.389425405693000357e+02
8.385752490577337994e+02
8.382034753148376467e+02
8.378274762294518041e+02
8.374475086904162708e+02
8.370638295865711598e+02
8.366766958067564701e+02
8.362863642398124284e+02
8.358930917745789202e+02
8.354971352998961720e+02
8.350987517046042967e+02
8.346981978775431799e+02
8.342957307075530480e+02
8.338916070834739003e+02
8.334860838941459633e+02
8.330794180284091226e+02
8.326718663751036047e+02
8.322636858230692951e+02
8.318551332611465341e+02
8.314464655781752072e+02
8.310379396629955409e+02
8.306298124044474207e+02
8.302223406913709596e+02
8.298157814126063840e+02
8.294103914569936933e+02
8.290064277133730002e+02
8.286041470705843039e+02
8.282038064174677174e+02
8.278056626428633535e+02
8.274099726356112114e+02
8.270169932845515177e+02
8.266269814785241579e+02
8.262401941063692448e+02
8.258568880569270050e+02
8.254773202190374377e+02
8.251017474815405421e+02
8.247304267332765448e+02
8.243636148630853313e+02
8.240015687598071281e+02
8.236445453122820481e+02
8.232928014093499769e+02
8.229465939398512546e+02
8.226061797926256531e+02
8.222718158565135127e+02
8.219437590203548325e+02
8.216222661729896117e+02
8.213075942032579633e+02
8.210000000000000000e+02
8.206996895252925697e+02
8.204066650341593459e+02
8.201208778548608507e+02
8.198422793156574926e+02
8.195708207448100211e+02
8.193064534705786173e+02
8.190491288212239169e+02
8.187987981250064422e+02
8.185554127101867152e+02
8.183189239050251444e+02
8.180892830377821383e+02
8.178664414367183326e+02
8.176503504300942495e+02
8.174409613461702975e+02
8.172382255132068849e+02
8.170420942594646476e+02
8.168525189132039941e+02
8.166694508026854464e+02
8.164928412561695268e+02
8.163226416019167573e+02
8.161588031681875464e+02
8.160012772832423025e+02
8.158500152753417751e+02
8.157049684727461454e+02
8.155660882037161628e+02
8.154333257965122357e+02
8.153066325793947726e+02
8.151859598806244094e+02
8.150712590284615544e+02
8.149624813511666162e+02
8.148595781770002304e+02
8.147625008342229194e+02
8.146712006510949777e+02
8.145856289558770413e+02
8.145057370768296323e+02
8.144314763422130454e+02
8.143627980802880302e+02
8.142996536193148813e+02
8.142419942875542347e+02
8.141897714132664987e+02
8.141429363247121955e+02
8.141014403501517336e+02
8.140652348178457487e+02
8.140342710560545356e+02
8.140085003930388439e+02
8.139878741570589682e+02
8.139723436763754307e+02
8.139618602792487536e+02
8.139563752939394590e+02
8.139558400487080689e+02
8.139602058718148783e+02
8.139694240915206365e+02
8.139834460360856383e+02
8.140022230337705196e+02
8.140257064128355751e+02
8.140538475015415543e+02
8.140865976281487519e+02
8.141239081209178039e+02
8.141657303081090049e+02
8.142120155179829908e+02
8.142627150788002837e+02
8.143177803188212920e+02
8.143771625663065379e+02
8.144408131495164298e+02
8.145086833967117173e+02
8.145807246361525813e+02
8.146568881960996578e+02
8.147371254048134688e+02
8.148213875905544228e+02
8.149096260815830419e+02
8.150017922061599620e+02
8.150978372925453641e+02
8.151977126689999977e+02
8.153013696637842713e+02
8.154087596051587070e+02
8.155198338213837133e+02
8.156345436407199259e+02
8.157528403914276396e+02
8.158746754017674903e+02
8.160000000000000000e+02
8.161287422491672032e+02
8.162607371514379793e+02
8.163957964437628334e+02
8.165337318630921573e+02
8.166743551463764561e+02
8.168174780305661216e+02
8.169629122526118863e+02
8.171104695494639145e+02
8.172599616580729389e+02
8.174112003153892374e+02
8.175639972583634290e+02
8.177181642239459052e+02
8.178735129490871714e+02
8.180298551707376191e+02
8.181870026258479811e+02
8.183447670513683079e+02
8.185029601842494458e+02
8.186613937614417864e+02
8.188198795198956077e+02
8.189782291965616423e+02
8.191362545283901682e+02
8.192937672523318042e+02
8.194505791053369421e+02
8.196065018243560871e+02
8.197613471463397445e+02
8.199149268082383060e+02
8.200670525470022767e+02
8.202175360995821620e+02
8.203661892029284672e+02
8.205128235939915839e+02
8.206572510097220174e+02
8.207992831870701593e+02
8.209387318629867423e+02
8.210754087744219305e+02
8.212091256583264567e+02
8.213396942516505987e+02
8.214669262913448620e+02
8.215906335143598653e+02
8.217106276576458868e+02
8.218267204581535452e+02
8.219387236528333460e+02
8.220464489786355671e+02
8.221497081725109410e+02
8.222483129714096322e+02
8.223420751122824868e+02
8.224308063320796691e+02
8.225143183677516845e+02
8.225924229562492656e+02
8.226649318345225765e+02
8.227316567395222364e+02
8.227924094081987505e+02
8.228470015775025104e+02
8.228952449843840213e+02
8.229369513657939024e+02
8.229719324586823177e+02
8.230000000000000000e+02
8.230210392840480154e+02
8.230352298345302415e+02
8.230428247325013444e+02
8.230440770590158763e+02
8.230392398951285031e+02
8.230285663218936634e+02
8.230123094203660230e+02
8.229907222716002480e+02
8.229640579566507768e+02
8.229325695565723890e+02
8.228965101524195234e+02
8.228561328252468456e+02
8.228116906561089081e+02
8.227634367260602630e+02
8.227116241161555763e+02
8.226565059074495139e+02
8.225983351809965143e+02
8.225373650178512435e+02
8.224738484990682537e+02
8.224080387057020971e+02
8.223401887188075534e+02
8.222705516194390611e+02
8.221993804886511725e+02
8.221269284074985535e+02
8.220534484570358700e+02
8.219791937183175605e+02
8.219044172723984047e+02
8.218293722003327275e+02
8.217543115831754221e+02
8.216794885019808135e+02
8.216051560378036811e+02
8.215315672716984636e+02
8.214589752847199406e+02
8.213876331579225507e+02
8.213177939723608461e+02
8.212497108090896063e+02
8.211836367491632700e+02
8.211198248736365031e+02
8.210585282635638578e+02
8.210000000000000000e+02
8.209444931639993683e+02
8.208922608366167424e+02
8.208435560989065607e+02
8.207986320319234892e+02
8.207577417167220801e+02
8.207211382343569994e+02
8.206890746658827993e+02
8.206618040923540320e+02
8.206395795948252498e+02
8.206226542543512323e+02
8.206112811519864181e+02
8.206057133687853593e+02
8.206062039858027219e+02
8.206130060840931719e+02
8.206263727447112615e+02
8.206465570487114292e+02
8.206738120771483409e+02
8.207083909110767763e+02
8.207505466315510603e+02
8.208005323196259724e+02
8.208586010563560649e+02
8.209250059227958900e+02
8.210000000000000000e+02
